36497
50492
50892
46359
16810
44242
4564
22275
68727
23358
79522
44803
2675
73329
13434
21641
25082
2281
17135
23010
50590
57191
59474
76147
95693
45769
2464
46004
41675
13343
1863
43194
3911
32975
99852
70373
23966
62956
35567
95642
30770
6289
88441
16169
86249
39896
89822
58877
56017
4368
66168
58294
97657
96664
30159
6837
39575
81833
12195
68045
77861
98666
52934
93934
69086
5400
91448
86576
52078
6614
10750
43573
23882
7613
66338
16006
23622
94275
73110
90187
25648
37039
96298
32639
53839
66924
74168
90178
24674
94760
23199
94481
92809
99398
86254
58717
92681
13026
35839
81831
62207
70603
69883
54348
27549
19966
85156
76231
30500
74762
88419
42785
2706
64697
79942
93901
27901
16909
78983
19052
86405
95540
41643
34672
80423
78346
59153
79308
65213
99468
29747
25517
58314
22266
36243
46828
74975
50290
10444
38995
44776
59035
3164
72644
80133
89294
98497
60631
77835
73882
53876
37829
81971
96550
37539
8324
68675
24305
84478
73528
60968
2145
75176
97616
29619
71292
59216
48442
88487
96710
29191
33171
51749
82032
22986
79361
43465
77026
30802
21287
50702
96520
6696
32905
1604
33564
54478
65036
31459
7257
42452
93166
573
36718
57864
36941
90503
58677
37376
62638
39893
62401
83632
24171
59334
20469
55316
35517
68533
26693
93075
56206
29128
91987
43868
79596
85581
30677
46502
54593
34960
86557
45437
82898
17460
2057
80654
10901
21050
91429
40646
79666
69739
33812
9438
45782
34905
91009
55476
534
47424
74145
49186
90731
68355
45327
95475
61120
82870
11272
50143
55908
13720
74404
44933
96997
64185
77316
11498
40615
39274
78011
14776
87298
32384
20077
83290
23565
34896
65045
21224
68450
11824
95553
41190
62408
35620
17967
89604
59607
88580
23987
4462
86920
82924
41320
49698
81335
4286
17363
15578
20972
2242
25032
43116
47259
65198
49023
64830
54226
69276
85712
69145
37680
54918
47037
62060
85961
16108
8386
21355
26764
84812
281
487
56592
38102
53678
895
20088
30401
87849
23010
8342
24529
403
13843
74215
49969
79778
3740
6590
90095
61217
48573
43540
30296
36120
54433
26775
52901
53866
9667
22124
75648
11922
80122
51361
953
78704
11271
73195
9354
36763
83874
91284
16737
43987
45588
72221
63953
19571
69324
90322
10792
45963
92444
94825
38083
70607
89775
64106
48634
71574
34224
28367
7642
72533
9519
7131
79834
92000
39144
14266
41616
65872
47167
11991
81508
64938
35578
95993
26155
64220
62619
20929
92314
46678
95013
46453
68017
58237
39896
22536
97863
89320
15027
18166
86938
24593
39283
12136
91018
3082
72498
39132
45141
11715
25800
15093
60442
23199
16375
81718
62271
28149
84637
5172
82159
61177
86411
96255
52936
86383
19171
45057
31992
1102
84293
97954
27436
34922
82550
46666
20837
46424
36122
17991
98925
25209
14971
83508
90546
15626
23172
4084
55663
1884
4925
42431
68937
35305
71202
87249
90104
18695
76235
11722
70277
93885
53708
28978
2467
3850
55036
40791
85918
55010
50745
92326
8958
88884
55713
41398
50884
43195
50613
90382
21555
95042
73043
8969
24092
57193
45697
43369
71721
42510
54889
9165
65582
46633
42133
39594
23958
82062
29107
71404
88817
88146
12979
28943
99669
40267
51571
10822
29162
31143
286
42468
63348
67498
1676
84683
38011
51599
23918
6653
84615
82336
92173
81215
74059
9346
14353
32151
98428
11082
27492
28380
58327
43254
43796
48684
26129
69848
68321
71483
96443
67562
30860
320
18301
76490
55883
23725
91375
5666
45694
84078
60010
52104
79477
57489
76269
54196
93554
31228
25213
13476
54321
61026
36066
83395
84504
84446
47573
6482
17656
3027
19208
66506
92002
27615
42365
11024
21095
79009
72773
7357
55600
87823
94116
75261
90488
31349
78207
48630
43162
75136
15333
15908
83863
354
97100
2009
40753
12939
19827
3065
23137
31210
55527
64960
3313
2333
22005
49412
32903
94676
6983
30216
25107
60293
39449
2890
7443
80215
11364
19142
82176
92011
29460
28619
46629
58059
56104
61138
29100
39270
99565
84149
97702
4088
67810
23421
22199
72475
67142
99953
26952
72219
96245
38895
79339
52885
70472
5482
65756
50364
13807
35204
28708
38259
66427
23723
66918
29164
62089
86584
78314
83092
40452
93261
80517
89757
97194
75771
2772
47150
10479
98556
78415
64967
5716
17248
8712
32563
49448
81280
98386
81262
42764
46710
64609
33793
91545
24824
86116
16625
94707
60546
62792
13828
28063
12834
41995
84841
58397
11376
14714
87221
36460
18757
31746
19734
96471
51379
17103
29049
47961
12846
77332
98676
22333
69882
66038
29897
45100
54762
93792
4282
42037
96782
8172
53772
22772
96648
85161
69010
50078
34504
24633
43469
24112
35759
1929
94174
67537
28924
42284
42180
83948
75268
99012
20739
86598
25546
65401
96298
52586
62722
39159
59933
38552
23354
12300
52613
32992
64935
34246
9446
28537
49196
68527
38580
6548
26951
77649
38162
85671
56401
67
83567
11188
87333
1353
59805
46523
53813
97002
29276
20790
44631
83761
35996
73170
54931
98900
29547
88833
28016
50782
50912
18364
45407
49223
40641
86983
88903
74887
41352
78581
14661
41938
96920
9769
60143
86710
4900
92115
10407
19458
77871
93171
2837
97550
93814
49106
25217
96954
22775
40262
22753
2413
78246
17162
97145
21233
17026
3219
44340
96530
18046
70398
19079
23324
99447
26370
33286
59679
14980
89008
22155
89771
14449
26202
6637
70921
10486
64744
2876
57052
30003
43245
1030
32487
29553
24455
70239
96305
53869
13278
35216
48940
20002
40445
1717
42396
9608
83957
74596
1530
3341
5594
92478
54137
83647
49668
30611
45029
46249
6794
51892
73325
35534
75512
54728
64354
30684
67818
52012
49070
65478
23847
2228
10854
66173
7342
74240
27109
95546
97946
18621
48557
83533
15055
2623
66448
29604
2712
6690
9792
70072
28454
58539
18400
35427
73957
79871
88235
41157
69084
82244
66996
30745
38153
83422
39962
59216
93011
41307
98587
4065
81379
8156
29431
59624
55630
91996
45530
67472
26418
88119
42189
37764
25569
8153
58433
992
83617
39202
10288
39428
7341
97083
22772
78077
75863
31409
29445
67396
61988
54584
44198
13805
71569
58974
27992
5258
71613
42594
67518
55155
2551
34461
2265
29442
56342
31770
66073
28356
38595
72719
90623
41384
87951
91200
83496
78600
67993
57725
38502
4275
59576
27689
65812
45472
17149
62006
48792
17727
87419
69484
20484
11963
63527
71441
30636
20351
66219
39276
33723
50342
16259
18198
69251
46318
53288
91185
42582
27654
32417
71158
69360
71450
90023
84203
61150
89305
75780
9310
68050
46565
42416
52214
95230
89158
74368
64296
376
80499
49828
2822
48437
74097
12934
22277
25234
44113
13623
22483
87429
62879
31214
34065
36982
96588
25415
84510
91692
90053
23081
42176
5997
68485
93233
85251
45481
51179
83050
96406
1160
20436
8741
45980
73519
84875
23571
17125
44473
99895
90769
91261
59883
42722
96758
38279
62127
34140
4070
96459
65318
36766
80960
51292
20865
12640
69211
22535
12409
85848
66279
78820
82694
28430
48817
53938
10102
80320
73890
51815
42008
26194
28233
22307
50048
81410
85968
41758
84804
44510
86036
57158
68421
79089
69034
97891
43006
41684
91818
761
74765
6788
82933
32941
36448
13769
81011
58023
54186
668
13970
1541
29489
12145
62369
72932
71026
2057
71694
25893
29359
87314
83452
14585
3226
12463
32276
86665
54661
24001
95362
82709
71053
87306
37822
79043
71284
11564
60311
37034
57781
8378
67721
89179
31086
71097
11227
65046
11502
24862
63271
26760
57243
74784
14914
96817
13725
99036
78588
26417
36787
67842
67831
70335
39191
5247
89139
65876
56957
77937
48827
45774
42179
60514
24641
63070
2822
39872
63804
9572
6984
94450
37494
46349
83438
47018
33958
40296
77811
70062
52114
34279
40141
21923
27865
92985
61688
25851
72622
73477
16293
57307
81627
48693
12094
78315
95808
77347
44257
23063
32065
55590
94
90407
91686
45598
89492
54267
20209
77787
84487
66312
43985
16294
9525
48082
23807
24426
38471
18789
38604
71605
52682
7476
2171
48752
43949
35194
851
85414
85795
38837
66391
93451
79920
43166
64812
92238
74137
82626
34426
64918
56222
16604
97459
66915
38601
50760
49503
73890
7516
52647
1762
31178
9574
16715
55559
70255
58332
38724
57742
24510
90153
92800
81493
33093
46126
71874
57761
87820
61329
3477
26394
66958
23429
38537
12
18923
1924
35548
56973
28728
53247
41734
89496
6951
81621
10050
70011
30441
9627
7466
19978
38415
49351
74219
15038
2345
88376
81375
20018
20652
73748
11318
3820
29807
25308
85914
37808
20441
90936
15838
13437
43953
11336
2680
63538
13177
77550
10897
52330
93095
28682
10580
68722
71499
96843
14461
56811
85198
73211
57138
80697
19323
17037
9191
46794
80248
13507
17365
91911
51598
5655
60342
3888
52947
3991
30441
1769
28766
31271
54641
32597
68305
97331
10599
34627
40602
69363
84944
51953
77499
66237
32500
20805
13801
73972
14448
27922
47840
6370
93976
67579
17581
67658
34200
67408
14447
90082
9807
14028
20489
92222
36885
39135
64649
33457
18701
95679
85535
87519
12305
87167
43618
68135
53924
16564
8051
96216
14040
48821
67664
83372
82646
95531
55517
52445
28095
40229
74064
8437
49846
82367
50030
12518
89027
9680
33154
58729
63169
52614
9713
38378
96188
90169
89798
35529
70216
1583
69739
25623
23686
21635
19130
54492
21662
50030
52099
47137
59074
44718
12572
25054
38325
53052
15816
93341
20339
8481
56350
10448
48276
30964
4677
41775
56371
84068
62027
36664
33277
11268
40696
64604
39763
36586
45207
25066
76490
72112
46232
54128
57170
6789
89814
23882
39804
57073
67726
83375
37136
97295
47742
99629
94297
51083
20568
51393
58863
33885
99886
82579
45632
58814
43619
42641
75315
8832
53250
4156
23700
18434
50954
22385
13114
26606
84344
20013
39236
75192
27475
85605
39263
87413
955
99840
48498
42519
4018
84360
62542
45842
76528
29236
54634
46262
19736
79261
41652
71405
28176
43184
77851
37868
8452
49392
64080
96266
85913
17229
67182
64677
6156
33847
39168
96349
84661
16670
3986
40706
88995
5368
37793
61459
81838
71333
63967
60919
7675
26556
87683
8609
9767
40099
79104
89209
78195
17228
99684
52989
70107
64634
79789
75043
49799
8842
44431
39776
20208
22517
86144
7258
28047
48585
41021
777
28553
40213
25830
63294
97131
65927
99221
45989
23219
58648
61960
39557
28219
78216
73997
39096
45859
9669
7706
77653
59069
78305
98463
65242
96161
81531
61907
74945
61164
30822
95188
50785
36677
48686
76432
87344
29684
35790
76610
73537
55237
82339
81375
21580
93871
62254
5572
50343
83473
77276
97934
68446
23364
84146
7792
19381
42716
263
64603
669
95206
94770
43606
19792
99506
14900
87924
53175
32775
95643
82565
36376
20761
85583
99936
11556
98030
12682
63743
22551
27421
91153
92248
17246
48718
73174
37651
94865
99480
97074
5293
81923
94423
57161
35461
62757
51765
32327
99392
71430
95859
78657
54827
21103
41240
15208
65321
5129
73160
15575
77490
94045
50385
45810
85023
12439
6186
65052
79805
83391
6841
25164
31004
20277
8250
71008
84672
4876
6946
16140
96299
95037
99378
74582
13601
27950
55619
82901
39094
78271
31526
57281
49892
4713
12022
85762
97844
41953
3626
3272
46613
11911
78167
15058
42944
64024
29848
3832
32999
17483
52277
87181
70912
6815
50311
20111
44376
58692
85293
85905
78763
56710
53854
4673
3480
23185
96586
69991
30757
85181
46523
34168
3089
90984
86627
99649
24288
56440
74850
69591
16446
25609
81372
95734
45379
13203
46732
6074
72280
41919
84176
12961
66223
54426
83101
40406
92081
803
62668
95269
26388
10937
34267
98031
41512
43715
75217
65885
78791
59772
71276
18948
22346
49197
19869
52594
36761
30795
70408
64912
63769
48167
11026
69558
5130
26798
15103
43565
47256
49386
46595
76481
42963
28156
43305
45611
54415
21738
82821
319
85801
72821
72419
73109
4949
71028
93066
19618
58690
80126
96651
29166
97875
36540
47600
19244
21356
47713
83415
26399
24747
40472
60520
93390
90522
4818
12158
50269
9809
57960
25059
82428
39267
37486
13199
52828
97310
31495
3248
39602
85747
10177
26531
85004
3826
46295
42689
79930
66142
3946
38078
79881
20476
93653
56156
12678
60730
52284
54081
29834
84697
50133
4384
17663
15286
96963
6226
50016
21195
62753
7689
49842
79961
10651
14452
59963
75949
61332
20505
29421
15151
87071
7081
2271
58779
32232
82208
58284
55013
61709
56233
92272
95475
5336
45931
33016
23080
94214
30772
23270
96217
73560
47355
82850
68940
24490
26439
42725
49239
31534
16866
2545
39672
70780
33430
15683
94451
94592
82618
10062
50945
599
10686
51152
52233
73872
19859
8057
70271
6034
95949
83157
98477
23725
38589
14799
69222
78554
50438
56235
55886
65153
36974
8761
79573
72242
88373
7332
72200
2821
43336
90236
42537
79894
82125
61615
52861
71354
21165
86670
20828
94221
60176
78787
21071
2819
97565
35642
94905
14949
78608
29619
13979
26212
56264
6831
39445
95011
44451
57947
17320
62537
76390
90164
74437
64862
48068
6051
92958
950
92576
56908
6920
21299
9455
35274
44593
37773
22114
73153
24333
81146
67800
49222
75612
42671
31444
6108
63131
51793
76067
59992
38116
82031
54074
90410
75548
5294
10632
19501
21232
69638
35641
59833
93591
45332
56623
56508
46431
96157
25016
80939
16005
65639
51901
2019
84350
33005
88764
75564
67016
99742
12053
24651
27995
37388
47399
46301
40537
1496
60526
2652
52421
69672
16373
76014
1914
11544
32981
33743
47221
24501
38489
84159
95998
40431
75161
72055
75173
50875
16974
32157
60908
86273
475
66796
793
84533
54737
85767
6031
95933
13035
73286
91167
4220
33518
69192
89814
48516
45564
95565
51138
15226
92395
61315
69082
79739
65043
80700
6228
93192
42095
58680
4564
74291
55778
5159
59994
59317
10204
10736
28945
69272
2245
29555
21784
30347
72189
63832
54131
91128
64560
34652
3110
11466
81664
77224
65676
15691
71973
38493
40239
72084
85991
86936
80713
76839
71910
66894
77882
80011
13220
93541
19568
83931
21395
63279
3088
98146
53073
71151
70504
44837
20706
94448
6197
24174
24727
14393
37160
2459
46198
46900
62790
25557
22582
95856
61139
83832
15756
8830
49329
96030
35668
94800
40189
70656
25253
55088
25161
25199
64003
40007
3486
85849
51238
44041
1211
1888
88790
85230
75689
17792
23412
26752
28355
35246
15012
86714
52434
97678
36906
29707
76475
73429
90750
67137
91298
57113
36898
74334
43526
34758
49402
73322
1550
35995
44955
63983
26922
16848
9893
38043
1212
47062
46307
41506
54027
52098
51457
53481
4593
62763
41895
29294
44697
34065
75353
79174
19219
60876
87328
7743
64276
6021
79033
47723
49277
50218
75257
87437
7944
53865
29806
66454
83117
41091
77082
61604
447
30600
3263
64523
5358
39329
53270
58982
12548
65995
68333
40970
95282
54237
41552
40676
13267
20109
1019
45094
74020
22832
73759
10242
43965
153
89239
6883
18273
82946
72922
1549
58300
61483
32705
17474
63658
80927
64534
74163
83243
70847
69177
79668
47762
6175
36627
47348
74245
62553
58167
87914
99267
68917
85293
94130
16469
86122
98150
46657
90042
56592
55214
33325
77120
50302
71330
8284
5047
22408
62433
15607
51668
93098
15726
35766
1695
17783
29809
46553
56939
78052
56523
49954
64163
12332
16714
43462
65913
27954
80683
98048
99238
34190
35971
98532
90272
73161
73441
8131
28883
21959
17001
44915
33157
44105
46161
3406
68610
55428
44568
2096
63559
78705
50364
47574
33544
24098
31040
63508
6356
95677
52349
20934
82138
88635
74155
45512
16883
94448
808
97689
24268
51659
5753
2256
18112
961
73355
6906
18930
84168
90480
82402
67246
40857
67707
27027
74868
66677
66508
66691
52569
95863
44974
68887
39624
11616
19373
57272
41738
51368
79554
45081
8070
5440
50601
71509
54964
71964
12866
51690
54342
99434
62560
62306
92477
54105
80569
61601
89101
65697
71550
55623
77886
52649
38313
67447
27842
73947
83565
63728
50915
35694
87943
41899
86386
96953
40551
94031
81842
8938
42273
6607
23689
27779
17030
17573
98992
9686
60533
2711
67701
77798
27674
37440
15357
19124
6095
27224
58099
52056
25014
51773
53824
92951
98687
57205
48886
31047
46759
4217
59325
78662
96290
88379
25891
63413
89567
12979
15606
50048
47453
94153
12634
12222
34855
60788
37746
52220
43716
93575
42067
42336
42798
81260
21377
25374
23092
9810
3462
43590
18471
15031
14550
66749
45988
89127
53597
54367
28361
50599
18360
52342
15604
96410
87509
45417
29948
29337
62081
98221
6886
24109
41808
54364
40390
74825
20355
38428
62023
77481
54092
82604
59399
31657
86657
42733
90633
50572
88096
57351
30559
50117
74699
60486
67368
77783
30705
22862
33570
67158
19582
23013
73975
57835
46574
36111
93201
30089
38610
46268
13250
32314
19647
47735
62796
48010
48647
95905
56102
79641
65833
80672
14445
53269
84926
38538
16062
11278
97806
29460
67546
56535
7478
6476
77119
30798
95235
14293
21528
76969
46400
25184
3671
78055
98898
29520
85753
19739
62270
96308
7659
50050
28242
27221
36454
50727
73598
9537
66766
55941
48152
32130
11233
20415
61456
55995
78229
1441
13735
65912
12066
63042
30792
92850
90370
3939
60130
4401
33225
20178
44554
60978
84513
83276
37720
11207
35983
21159
23551
45327
17966
12364
17418
51780
19892
92974
44223
77980
15543
77460
37459
47770
40626
88230
42789
29135
65188
62278
70051
35480
27937
60427
50158
57845
6363
13077
22337
26068
16475
12099
51489
53137
44336
16941
82564
83577
86540
56010
71359
73714
84930
21808
2397
61343
34424
15599
78216
48600
19421
94758
91228
82634
40472
49932
1048
29836
2184
99237
45487
28733
37722
1383
86325
95275
46963
36430
49284
76124
32462
60846
37985
85936
9231
64332
49592
17311
80889
1605
29700
97018
47192
10398
15086
87311
71648
17345
21334
21415
95405
6818
20820
20209
60557
66782
9429
41517
45380
16299
52461
55966
35603
1355
92760
96491
34784
27829
16932
42400
25871
26063
34673
67129
16578
8105
29852
90947
50221
21387
39900
40562
78503
26178
38955
93421
33732
4650
13748
23609
7588
22366
95400
91586
12889
43956
69894
98486
15936
31440
73185
99186
41085
38368
44924
75491
88880
99181
40105
55931
261
72477
70979
55076
23960
54402
92084
23465
9027
80288
12774
98349
90296
47629
32021
70940
58344
2855
70929
47700
60148
49586
32702
71242
34540
65291
45061
92449
38915
50127
96670
5129
38733
75610
56794
73150
48099
97159
46183
55099
25213
28026
8666
71282
75089
39299
7211
93534
72220
95836
83233
83282
99009
11
48138
77334
87252
32599
79706
7533
77896
86238
51833
94037
37329
97060
60972
36841
6224
75384
80213
38427
51016
15357
63879
30843
93044
34325
84522
9799
84877
55358
13566
78414
66608
78933
79234
59019
69619
89299
37116
48371
30187
38474
80873
21500
5558
72963
30470
50118
1519
90452
3481
64797
50251
24467
40866
29137
28672
91065
84662
63250
95598
7184
3035
17013
20650
5013
32672
77769
79452
85589
61541
29317
66821
58651
4626
96479
99034
18774
35205
45328
4052
70001
87236
33296
82361
69579
10106
38454
10745
49009
37887
64357
11316
23551
15494
90768
2520
94863
13635
13777
84200
2906
91328
79634
75923
37788
22168
14849
26587
9088
28203
50658
59024
30061
73805
67947
67127
64879
21907
98278
38456
59136
33874
95467
70238
9020
74063
97116
36806
60845
22298
85419
28244
45863
35313
36674
52269
4572
46437
37571
53388
57754
59596
11441
82590
13215
56117
54885
63566
35836
98179
2231
63640
926
7580
96660
94641
42080
51504
86409
32127
84093
92502
40018
99721
28972
587
83032
37310
43120
50504
65311
53911
62949
64268
98611
69848
41450
56806
68010
19222
38430
29174
1278
35177
20650
59866
27387
17044
71323
43789
81976
24871
7321
81645
31834
91788
76353
44544
70422
12405
46947
30803
22011
73337
29782
53569
81319
54646
71884
82008
59465
39516
4447
86000
21471
85193
48918
29032
87089
32205
47374
57116
78504
76538
93360
22055
66720
33018
18002
11702
87403
33889
72546
41583
1030
82865
89509
62569
47978
56278
41023
19935
50300
55483
24395
91174
88870
77748
23987
76471
73510
27897
30586
57451
57886
47898
15749
2649
35822
32558
20734
7103
61338
42319
95726
8576
56502
42077
79450
75282
60976
75803
23600
88337
92856
89181
26625
69181
34659
70543
18843
64258
90470
65077
40031
33211
3175
38873
46545
99464
31139
70072
52942
73107
74187
43102
36627
20761
7559
96909
41254
77063
74679
11454
1336
69126
60201
9005
80392
61741
94790
86969
17657
59018
82115
12450
14651
53712
94297
37563
83670
12731
79286
86462
38307
95555
53845
10533
51956
31593
54163
28739
77411
46155
42955
29451
10132
18271
45771
16687
81941
90457
90768
34570
65187
88876
6375
91214
40279
42545
71224
21505
47797
85862
44635
82214
19875
9714
466
56969
56497
11297
64648
27024
69875
49694
3925
55300
77358
75421
72011
17918
98462
15752
907
82390
16981
2558
45427
53128
30248
15634
13520
88691
88242
90996
25611
71006
77385
6705
13654
77882
43206
19232
46489
68142
4518
50862
72565
72193
53440
33821
18664
7740
12059
36180
81564
69167
67924
96752
42623
34912
19850
24303
38476
57016
27682
70176
61753
26568
156
77978
44616
90144
4284
16689
1221
77867
82440
71653
67324
52583
63877
49786
58258
97053
70662
38401
55200
62380
75587
12391
61806
33627
87183
92996
92324
10778
77092
78173
88670
17387
65324
56339
17206
90655
95539
7190
83836
50722
32165
46033
31196
11922
93157
18580
99792
3390
78294
5654
81442
22309
73061
15723
62705
20916
81237
26820
68279
97056
57186
56071
20691
83288
72448
18460
83511
98667
6629
15295
45061
65556
715
34788
46942
36537
97997
15704
40210
32915
28553
67451
17217
39333
97791
7962
85951
71440
45702
16219
61724
97530
81592
96797
17708
43856
10043
40346
37162
92056
38745
30718
20277
91999
27101
99939
22346
98789
97083
94201
6058
50262
61145
47188
26610
32133
43244
74051
1356
54549
96258
58112
61836
6424
76348
31350
43522
54553
98995
35927
65753
93731
41885
37943
45236
31195
90274
16133
34830
30770
9687
27550
56154
22050
7421
71676
66625
78868
16627
70165
59210
67648
87104
36162
39513
3803
42907
37094
89041
92162
2971
33022
38298
80744
89806
65552
81726
29623
37387
94380
78574
4828
21268
2572
34853
65907
24502
16222
91602
9529
87776
11388
8052
14466
48311
48261
85837
2299
75416
16367
18826
83453
66499
34166
8615
43995
8260
33770
54066
41273
11929
10394
92948
67766
16152
59873
73856
39206
49714
28746
83602
63970
80957
69398
43091
19501
98200
12541
65377
1882
4724
72695
28500
45791
1552
85984
85065
18710
14566
60029
69366
31563
70850
21417
85670
95134
63544
34490
43875
78094
4426
81393
98200
68101
4115
10171
49359
89609
19346
22223
5012
24016
78001
53577
64864
30222
84555
38877
22768
68024
83794
82370
6402
10568
78058
13847
73871
40592
56048
78822
78942
81827
29730
98192
92163
13678
89717
13742
65415
52309
2021
73904
16341
68207
72997
38822
12109
51411
73973
32910
45692
4665
13413
81492
35509
38994
52120
54470
18765
30480
59447
45775
27854
95487
60774
27701
85118
25468
52015
97466
21733
36532
74676
72277
19509
94774
59224
73639
91591
63600
48594
2161
64533
27947
80222
7040
61583
67279
25695
87922
39146
83716
68742
95398
26313
53158
20700
518
25723
10234
61742
41084
86357
94463
2733
41787
86855
37614
37647
51993
86651
13825
51598
11022
93723
78590
15107
96287
56655
20029
43823
1123
9492
14733
16380
69059
98610
31037
88678
24512
77712
53630
2795
66108
17257
16214
85657
48482
83
28007
93547
89485
38112
3498
65734
68517
32477
55554
48295
84401
90012
56414
92472
12025
31616
32258
9828
20690
74500
39330
69625
30772
6094
99167
78248
59208
66190
42619
96055
84585
5810
56051
35024
62951
10138
53158
47382
35216
8367
60009
99233
44912
12825
35230
90983
56813
99317
95893
49416
72325
83076
53386
38090
74832
13995
66046
3404
39014
13810
77440
96696
11681
69567
6624
9041
42534
75105
59123
4346
70909
97504
22909
15424
58552
95231
70327
96676
31091
3903
3001
7839
85510
3883
72821
31389
47875
81090
82719
41596
45421
80405
517
35361
52011
13798
16114
71617
3221
31003
99787
27928
34604
55354
74575
35956
98769
66173
25173
1931
37821
47859
77135
93241
35808
86560
65940
72489
1938
31257
15339
33525
19081
99762
29615
96920
68181
53610
50842
76938
72075
84625
72085
70006
16146
88242
7184
42530
44487
48389
48991
24156
16728
6644
28995
16437
75151
1736
91850
94322
3408
91087
34816
88678
44851
39004
91787
33312
15710
15577
12544
92339
83184
14254
27116
36716
80211
55331
37898
7514
93149
2948
36484
29240
99090
11787
50671
36461
36283
81293
54165
48724
79264
4321
37179
11929
45622
6572
20135
30562
45627
77217
12676
8621
88587
14106
26706
37895
73710
34259
28063
34618
1335
17171
93756
29811
84393
55764
80719
92883
26661
55161
85741
71488
39225
25780
8604
85335
23650
25206
12682
91757
96579
68361
66440
59491
99669
31745
92853
42015
60343
13009
33910
16751
54659
88619
16403
59897
96667
2753
86108
86977
11524
41006
36316
47385
9300
57191
35120
98148
48077
22015
34
12604
92857
15238
8550
94327
564
36123
28269
90591
52937
11550
10441
35793
36213
79828
52021
65751
30290
12831
30852
56989
82736
64762
26808
85371
58345
78324
9120
74766
36481
62451
92547
32951
5795
21875
19039
71218
11124
42914
76530
34289
56327
61309
56120
69952
57762
9917
66767
42885
12714
65721
77710
21513
74611
92667
48944
42208
34565
77050
96779
34848
81195
33633
88873
14296
64884
56367
78209
80771
26997
96156
42321
78328
50073
36267
13957
90458
17329
24584
48861
67420
13358
13059
37659
57561
11722
89218
45812
63052
38511
92967
65244
83649
35415
68244
8577
46952
43956
37320
50059
95585
86070
51603
96970
89936
28006
83569
36807
96171
82186
14028
75863
86930
63132
39094
5552
73237
82400
68305
78065
11854
50345
81939
99757
5505
79161
43850
22251
81392
23364
94890
97009
9177
33768
97030
91296
12430
13880
29527
34906
44911
94647
85640
18459
45628
77476
91961
60699
46724
5015
75635
73067
66124
68545
20672
74744
90519
30309
95281
65081
30861
54096
3930
55648
89631
647
96241
78147
259
18534
87984
22023
65937
91959
55726
97598
53977
48773
87213
15951
93360
89427
21454
79952
20211
8868
31116
52822
94073
88532
85710
93434
91066
97054
73887
48885
2704
77067
21867
11072
24824
69987
98187
71933
20300
26223
76829
44832
78438
39714
96905
86589
98004
45849
22546
33331
47343
12397
18880
50588
60670
65035
99417
68176
38732
66869
95159
79682
74676
30862
35881
51610
96461
69033
18158
67313
54985
30224
91920
67550
87648
36588
19537
60792
76551
9830
69457
97675
55755
55390
61647
42796
84040
49847
44701
6312
24859
64543
58128
50963
72571
63389
92106
8979
44465
21688
68507
88081
52271
15664
94593
80234
66253
90216
10324
92087
70925
46843
37617
32787
12874
29107
35456
54218
64724
75590
14398
56068
83749
1772
46724
76303
37247
75616
28447
90386
75614
26157
29297
7588
98195
70245
36851
59608
70847
61678
76116
9927
46835
8475
20941
85502
38037
17316
74288
40466
32275
88526
62714
97251
81770
30341
64157
58803
99603
15691
24960
66368
56228
22035
36574
12787
24285
71725
17390
63489
28318
13521
76401
18078
42060
64610
22877
43766
94085
11654
53440
61804
14099
35732
77548
63148
6692
73504
66711
290
31730
22090
47827
29437
88692
53390
25488
72720
2528
46777
2825
34237
22567
49079
27784
58146
69830
15897
76594
3957
65428
92406
26884
63133
33028
59789
45823
61636
78596
19547
98761
24583
58777
46832
54240
41091
67601
67152
49998
9806
31507
57065
25077
10849
49356
31975
48689
9151
89176
20623
91429
53188
40052
86552
20147
17353
73363
63034
25749
63070
82033
70155
43914
78512
41761
67790
74455
26332
65060
931
45357
52115
54043
88830
87007
8506
22448
34626
45857
24668
67278
47414
45251
32704
43912
80520
79751
31655
4829
30529
9288
71513
20707
9431
97285
96817
90498
51529
86917
49338
60786
15352
19996
69268
47537
17359
19082
68598
8307
31657
73201
32265
39664
29092
73055
28118
31166
24300
42610
32120
23098
71093
4190
30548
2379
94912
46186
39952
59528
83965
79215
34555
40672
94543
86476
26451
92677
29115
78230
84777
33431
80090
60923
66455
13278
8541
66503
77844
28190
15097
64982
2526
37519
64632
42260
31757
56151
79170
34269
42144
27921
56843
98980
15911
19938
81947
58983
30539
27398
59821
7152
77644
73692
46675
15898
57640
48203
94309
22382
42786
32863
30714
4800
26520
1898
34821
6357
34387
88223
66873
65294
80424
90239
52735
79270
83263
38273
65811
46103
49396
28990
12140
45670
43068
41732
64345
25508
29820
81490
54222
54329
66053
16730
82237
61285
37744
73812
83961
14262
65059
42158
97243
46133
46393
13544
95871
46460
21016
78429
59213
30623
96708
46432
87443
13837
63149
56864
56013
79248
22086
58510
94071
22718
40346
79382
32195
36324
1798
7290
781
23577
96337
40023
51378
95273
17114
63178
76909
90528
45710
15099
57242
16083
19942
90011
1930
35415
4999
98502
19173
81091
27021
92261
9247
35661
88190
10956
31104
5861
1165
79425
18170
29854
43908
75389
47502
54553
16164
74280
12080
91881
45991
39165
24616
84245
93976
92882
97665
27286
15280
84192
81119
24757
60121
73541
83972
65230
38201
14701
60064
35516
96450
24584
76762
79672
17038
91602
56204
6477
81479
92005
3518
73225
18314
13888
27032
79927
22242
51547
92729
99947
97792
92225
95132
65524
59168
92515
7566
63414
71167
75584
71102
60783
76739
59926
55120
34046
6112
73133
76858
620
1697
20849
93675
4982
95315
22983
28084
83233
26984
96547
8043
54980
18466
50971
92511
51876
36401
81251
9602
65322
272
78294
61422
24237
8382
9582
93967
15144
51972
58847
38697
23789
81213
34056
60273
33168
26221
43676
28241
49441
79568
35941
53325
20862
37084
95577
5004
22609
21641
86892
39196
20434
17230
59029
78138
25663
30701
83553
88385
90313
79615
54870
68732
50075
46739
73357
38797
69208
91588
87859
3685
79517
53966
94093
43130
46318
92297
21786
34402
94925
4700
22668
42672
60080
6403
30979
88460
9346
45713
83002
2068
21866
3351
99465
27513
3102
94323
73246
5119
26623
47201
28990
90006
85048
22351
29429
76037
22896
73563
8940
17813
86393
34179
24879
9895
97958
25484
54696
69056
2957
94450
67018
85773
32960
73579
80008
4260
66802
67960
86863
94273
75657
80299
35697
82078
25200
79761
12733
85086
71698
18753
32834
74194
68352
40604
21264
881
38719
58225
17910
69544
83880
46141
63285
8033
49201
12978
68890
1908
57238
95641
85587
63190
8304
42683
69386
40016
19831
32370
98780
18392
44105
29996
72996
68633
87878
27069
3208
16502
67377
328
19745
18584
27904
5829
80203
2297
10721
51664
9310
92553
74670
27460
86022
39004
33174
97691
48660
16723
92447
26832
86509
71308
14148
80980
62399
75402
39965
54871
91507
63136
34169
27163
96782
85338
92954
3249
25845
20374
72935
26278
32235
94564
91606
15130
99569
86108
91918
65067
49991
64921
74655
21691
78473
84865
25322
93028
91543
98815
98377
20559
847
37135
97092
15700
23028
28590
82487
1547
2693
26396
76665
78519
17468
14164
30217
29357
87791
6836
95218
68739
86933
19353
4600
21489
18111
32802
7865
70113
17066
44104
48895
38163
65263
31866
18853
13156
13704
15924
87779
7732
50948
88782
9211
19534
69861
89107
87054
75264
25713
82183
34585
89654
81540
44488
74252
6479
94279
23262
52298
63528
51051
4313
55390
35938
74713
33843
20546
72381
87770
76992
81927
95428
95645
22183
36482
90467
59334
65249
79228
20665
24282
47027
22906
81648
45387
11426
98068
59242
12236
37595
68415
97965
16140
91135
4681
41629
82921
20384
76080
83630
4089
64876
93290
44044
32670
77519
57388
45455
94221
5885
12742
94485
8698
18504
32593
67052
63221
26204
55160
8216
31224
40533
29395
65054
18749
59844
93142
61335
41167
51267
56915
8647
63605
15194
86
85595
64157
34850
447
16996
79147
32257
57412
53502
16601
41633
85926
96203
14824
72420
95024
93090
92984
8042
91093
76223
6274
82030
16124
28417
21267
96916
4729
96239
88887
15203
34984
60748
23717
44981
71655
71832
97637
43025
5937
82847
41780
592
45625
99369
52788
89232
62322
82096
27509
53553
35805
54419
60428
41434
32317
73761
8537
32049
17336
18566
69705
40430
74278
31800
14866
41078
1699
36257
72065
77836
40397
54315
21060
52951
90169
55523
94455
99225
64759
90494
26873
63916
29553
74857
21723
81780
37832
27253
44419
32085
98478
391
6485
25846
35870
18441
45660
7101
28729
63784
94290
21568
54423
86550
83308
58799
55592
27915
69122
36574
19226
32588
38064
74665
30705
25982
78780
25276
20047
45814
41441
39149
73709
58318
85475
26784
75027
98093
5074
22100
6086
78001
94016
42002
52210
92122
39114
52123
6254
90200
72331
65936
88118
22243
68089
10102
62212
97002
96358
52261
29613
18591
7959
46702
59833
29784
88291
6605
12025
56679
79749
97335
81188
12811
79049
59579
90800
45102
43727
65892
53846
51390
85224
86595
28791
77334
99850
3128
59591
42612
72190
38508
52603
39555
84961
34194
92628
75398
23217
8466
61083
31480
55834
45339
87374
90914
94726
99549
92863
69909
63583
94291
12814
25633
33654
16294
49172
18357
51281
67453
89269
28207
98844
37802
40560
97279
47178
33579
97460
15507
80999
59960
62793
65717
85413
66206
14889
14546
3994
28946
7029
61711
49235
74797
88817
21135
14026
34061
70396
76289
57711
45352
91051
11088
41459
62639
19859
9037
42650
20065
10699
73699
62594
80729
59485
97735
16543
21921
84887
87629
15843
11387
1125
38259
76111
85505
50032
41798
27863
63980
3191
13320
43762
41404
71012
55594
16813
81914
6803
43161
54909
97677
64920
66459
96180
12862
91221
30140
45681
28308
95547
7255
9689
88274
16096
47856
64241
12024
12375
71928
54823
63642
7834
60746
69301
2252
20086
21312
34648
79496
95876
80315
86051
94358
78655
59048
71352
56599
76838
22287
20800
30573
55842
46994
73778
3863
99225
72943
45282
78552
35846
61662
96555
25734
42743
68549
66522
23305
36986
86308
19687
66024
16165
1411
47500
40826
32447
40013
61943
97551
33335
34430
32055
87170
76754
66871
28110
37376
67648
49453
72557
64172
12651
7255
21450
94127
71854
29660
59609
12645
85180
24445
38917
65594
79302
82821
24340
45214
27466
63864
84576
14895
54487
66762
9672
45678
42358
39215
62986
47121
16368
5585
61177
78254
97767
97410
8956
19236
8152
56496
46792
21127
24642
63167
2335
46361
5265
46729
56525
5344
75053
70568
98284
99381
89927
20070
50009
68233
60485
34658
86539
47952
28276
85072
22797
12009
68481
97058
95454
56282
89419
78036
85306
85668
32050
78755
9202
34818
51981
37366
3554
91455
27252
51069
55684
37567
6996
54742
47047
30784
23683
73759
6780
57352
49097
22540
19450
34600
85278
23890
49493
87535
92398
19125
33782
37425
90674
78829
72643
85224
27212
14471
63797
67189
87992
59860
84151
19695
29865
30885
13436
21016
38403
36298
18224
60992
92288
97064
49076
1047
24835
42783
30712
2151
14821
25854
78315
55929
12784
453
77432
31818
81803
14886
67836
98153
74566
76405
64702
89052
99786
83072
42143
53504
29082
80235
89017
17258
10410
56561
25612
77400
38942
54888
65815
5433
83636
38329
16230
64490
40008
61979
39949
72824
45237
40304
48980
71253
95018
85038
91023
82035
52190
70777
74721
45085
23415
33518
43594
18584
7749
10948
91958
9528
83445
8944
41654
33023
892
89514
87204
31618
25195
13240
56084
82295
91427
93603
15834
66253
29147
85408
63510
29198
94387
25767
78129
1937
12099
81363
95696
60356
96857
58844
37209
32406
59874
71094
22873
53230
45140
38958
6607
33175
30289
21619
88988
90209
1420
81749
6869
58602
85957
87002
60783
99702
2499
31590
5015
24399
90431
88570
61183
3799
35720
40861
29952
11737
51442
99324
98216
5671
53655
26403
95104
19052
59355
66688
478
38783
6742
74073
77823
9298
67516
62307
50880
23489
65858
39077
90291
7021
91687
11532
63558
24459
22253
88035
14200
69778
81200
20859
24469
66806
13096
94731
30315
41582
78109
54200
61888
95520
48156
99811
89075
91424
95315
85175
93443
99514
63056
98512
46207
75864
68339
67720
17789
32904
20616
59757
57425
61096
6643
820
40244
34195
39838
78638
14191
52252
68851
59395
29346
40956
69280
2310
79496
73231
47367
33673
89055
23006
93099
35723
97719
57559
26199
23798
38950
59925
65075
52436
22964
18005
87234
15930
47804
70466
96564
21957
19395
12450
29721
10021
22157
38581
25754
83710
71491
3728
57594
23406
13464
95113
83203
74446
35470
34702
19623
72974
34336
44990
49461
61671
16704
23152
51277
14058
84723
6892
52707
63473
88122
29884
1054
53465
68689
95748
38459
81274
99334
50837
39274
17612
39949
59418
75037
25036
51764
78026
1418
61944
34680
44332
73559
82962
81441
86432
98154
32424
19478
76688
30271
62053
53909
47213
70182
47343
43118
54207
44599
48068
78855
18007
65469
83162
47988
29246
11287
93944
65114
58595
13604
84950
7767
6980
26686
60136
88863
25611
77468
98252
98257
66069
22670
61086
35657
28250
91899
98993
17486
55051
91370
85730
95489
36035
19852
43792
36695
7961
38959
9919
63938
41335
83105
70304
8208
35998
33896
47706
77757
76667
54584
12310
44022
21838
87317
44689
2786
75033
85903
79657
89387
55488
59549
48580
28796
30377
40081
56296
20106
13421
61789
82834
98507
22431
73402
56036
48990
19722
41593
99108
77197
59172
20441
68087
30232
84231
81989
9292
12259
98765
87062
74213
97690
70549
39957
4893
17625
97160
25815
14714
5838
86213
93727
99417
6002
64773
7408
89612
9921
26036
29385
58091
74990
76414
58437
49766
59071
97116
85512
95548
81620
53479
38011
58658
59494
11091
26573
89815
80717
70958
77361
3788
59511
55151
80046
83139
36459
87279
85223
25535
91994
33774
6170
48820
96223
73975
99975
12271
94054
18949
67767
17712
84295
82424
66095
32138
68612
81407
60671
12866
73883
52883
17793
78981
66155
84260
61805
62100
77891
77219
84345
89932
36091
73302
73257
39780
66364
18909
6557
14257
49951
41110
93196
64084
70880
99053
79419
37356
30492
78330
48285
72902
93457
62133
14446
88220
60414
18393
82063
16244
72539
2798
76390
37161
15710
28515
2011
25071
36627
57588
50029
69987
15392
82887
94627
42753
82257
95685
32370
93663
18152
69632
1172
41404
8983
55473
25045
46200
93238
21006
69565
81154
25241
82161
48086
82545
14416
1535
18985
47512
8115
25374
69188
34733
76479
30820
65758
11154
39427
67327
44207
60722
61374
83193
67266
33576
95147
8849
362
95228
82756
59531
36991
3355
13392
63179
11650
35493
24197
33557
64365
90124
20660
11998
17992
18773
58585
9100
57623
14031
95735
73631
1061
44363
97259
2399
86594
23544
33047
62296
40983
98305
40721
9113
14534
42192
58424
5853
4568
7944
93214
2032
91230
30539
77656
61078
65419
66371
91158
70832
43102
37829
67200
46709
8861
46615
74658
24311
64271
4810
40880
44613
57068
6238
30953
77896
85097
92346
88976
38578
5493
24360
81560
6422
2927
31721
29685
94865
69327
4044
56230
78950
59336
50528
49152
68675
11606
60891
34067
46233
42064
97860
21372
63306
20429
61334
97371
72285
77410
99714
63632
66891
30739
90533
12109
876
19095
24263
39730
28930
38552
59536
89204
80388
89456
56433
52153
34016
71671
47563
88511
34803
25764
41075
26821
56741
40895
9781
17760
55443
93719
39711
17488
56547
56142
22375
68523
67772
3200
34949
94691
91861
74317
74855
10991
33440
58933
24244
49735
15203
8851
58963
78529
73543
82686
80133
72832
96106
37914
81140
88017
33789
78012
23900
6589
89506
67456
77310
84057
42106
73857
73841
15558
91380
56817
7188
84154
44675
60862
57589
20160
59849
30970
89047
43544
86564
98985
83
68215
4339
51885
46427
93679
68714
57430
13912
20588
93037
67934
88376
5062
18508
63128
58873
82494
1882
71206
29385
75012
798
6974
50852
79126
82629
82037
69128
76353
83872
56123
3381
45323
71675
99220
89332
97386
69390
40509
83269
39383
82541
45389
33174
55968
97946
99494
53528
67948
63777
57869
70760
61306
82938
20236
80024
22589
81030
12297
38334
85023
96259
47113
79743
53912
60906
28208
88205
82322
73338
67123
63759
77625
79699
3732
8698
74149
29888
46737
52508
5270
14572
2120
56093
29911
75715
20027
22483
36723
79098
22932
11907
69845
71646
57135
22988
54153
43821
65446
704
23026
38095
39316
58506
98829
19214
47078
74849
96337
57370
369
95848
82003
40591
50489
39697
53147
47176
97133
25486
96729
80898
22615
2171
81207
43354
14663
14928
20146
79133
14344
40978
39209
55912
82005
6577
24765
36261
23387
95896
28907
86818
78104
76035
64732
28823
96347
89544
53307
90930
90650
53496
40560
24782
80903
81084
11330
53077
51636
37400
49234
91806
43053
76012
91426
2933
19129
26354
27493
86702
97592
99041
39064
52145
69845
26009
35253
93508
20692
67836
56523
3946
64301
87499
97740
48594
4157
20284
69694
56394
79860
36597
54120
23353
16762
15386
50878
57605
51587
11979
543
94190
77530
47439
51139
34123
55324
5773
472
94508
59092
49093
86520
4609
75887
20792
94489
51028
26818
65947
71915
65838
81175
68089
89942
17032
17007
14770
77903
48266
34691
14529
70715
55888
97500
71085
71208
93651
58966
30111
30470
83964
27551
79087
51329
24344
51935
13110
49996
59923
99418
94635
25605
54983
56154
98685
34008
39013
502
84210
24291
84029
46155
2724
29722
42530
97563
87282
65349
26352
68823
66938
85554
89916
87530
95320
46289
74373
66778
44078
95306
81512
58481
14779
72811
13034
67786
30410
40810
1584
55537
47719
12523
34982
65018
40732
97845
95367
52338
99669
7083
2555
11782
60106
7475
38321
70245
39015
86371
85872
63709
15724
16529
13163
62251
4275
20224
42063
74312
87711
6628
48183
58345
12838
65555
82500
13608
82361
25382
89147
29388
15617
73508
34069
45249
90772
5818
46046
84676
77371
20636
42534
39417
83820
48379
99130
1589
55171
99743
8958
89242
37541
10185
61899
1250
78170
40950
69048
48311
46863
56175
95688
14633
23476
34640
95495
62574
31152
87212
88819
72506
74186
95831
1835
99831
66534
33266
36172
59264
37029
30818
19411
10236
69112
62702
20196
67279
81806
60900
1729
19473
13990
29366
24829
52220
56747
83989
90095
8454
51158
19381
54607
72500
34085
61761
30656
6932
13121
17422
64719
28143
66943
4538
1672
73591
71646
89960
42065
3387
19687
41916
83647
38997
24982
20337
73848
41961
25388
36010
13840
59345
15371
25502
13303
6826
31934
38857
37888
9680
27969
73757
36936
47882
43678
17711
32501
8519
56991
59540
13747
50218
40356
4771
6979
59061
79219
31344
16460
55482
9323
73214
86495
28314
48561
94700
71481
14472
70080
70750
49116
42765
37996
53505
37095
3864
23355
7174
14684
88155
27424
55787
8785
74132
66428
51832
4480
84740
15263
13685
33305
59743
16166
28618
42258
47225
45529
14893
9943
53109
45539
14556
75835
94409
76906
32006
34608
86906
34062
83998
52937
19379
3162
21062
7078
95584
31063
54958
26269
49084
18808
69392
29073
56819
84706
78079
20756
64698
92365
45126
35741
47888
70674
73295
47578
77561
5084
14856
88546
55947
83920
94017
77893
17093
33934
1811
60410
76459
73157
50855
68635
49134
64863
64612
36589
62042
97646
36238
64634
32389
74894
47371
86160
78417
56369
79709
68984
54037
4843
66771
78444
74798
74004
10981
91831
66864
29150
94273
42772
28378
64910
68646
46840
53997
84382
22957
62730
34053
47106
48796
91115
52090
48294
12741
79617
96641
16803
86928
23814
71774
23478
78604
31972
47268
80170
88668
31879
65364
33017
24906
55005
63630
16279
14
20956
66351
99884
21794
23971
86981
46528
99268
99800
49140
69192
18048
84683
37087
95861
60239
59370
7536
12389
57550
98726
40238
27037
43629
98726
49722
84028
64160
66386
16183
62787
15492
75556
49923
45150
9192
73872
1367
40933
47185
87773
36398
72988
5042
90726
50881
43990
2191
78857
18877
36338
87451
46575
3886
53958
86899
97033
64638
30570
58501
76292
71329
59781
28022
38655
96433
82641
46672
62385
86901
42636
78647
55597
19966
28403
82492
39950
65853
12885
43479
18907
82446
91823
43552
66129
88267
65310
95459
70859
74330
18580
79302
28416
41883
73184
11396
84326
52666
56944
48432
58509
68229
22901
85475
18599
37576
34056
10357
54590
53012
48205
60214
7861
5392
55534
91914
79849
42099
30487
75153
34548
82198
86072
11421
1453
20440
65830
14726
93565
31450
20631
84295
63534
50944
16938
69404
59805
90207
87481
22586
57801
76226
30075
22067
47385
52589
62008
38522
94436
61328
82283
38998
7226
63280
38151
7953
77428
34147
93289
49138
56437
20490
51739
99485
58085
1213
68473
61884
87658
38487
12733
5038
79429
58860
82493
70335
80834
2583
3530
44405
66035
44245
76259
58520
44630
38190
34299
93644
76121
95074
27985
2832
12225
45898
80169
77528
22538
51335
56023
17200
76841
97007
60072
44417
83450
53627
62160
39157
67422
2992
66838
10526
77355
84607
77222
83752
62558
27592
91353
27751
15195
93677
70589
48375
15086
65615
75216
53787
68579
3905
46173
93966
84970
83013
36938
46395
29492
83798
792
65376
34585
22315
58909
38143
88537
59405
57309
23839
96207
79721
85616
4100
76776
55081
38920
53272
26244
58709
41698
43083
14016
74753
28299
45909
9959
29744
9901
29838
93208
92750
51447
75784
3094
18964
46183
25835
15071
20104
10780
90588
34170
86944
59357
4322
2326
72128
26806
886
2512
3685
62739
26952
65111
40688
14803
51776
83858
83185
78117
18667
88359
80830
22756
79104
58273
86
22592
8327
55863
53689
23189
36259
9576
58363
89040
81502
17027
76402
71695
38797
45943
28127
83076
5912
14827
65822
52278
49435
58708
91659
6383
78921
83611
25720
33453
35732
77368
63753
3879
53447
65204
29442
3276
98128
72377
1657
59482
1643
39959
99200
19835
31256
31638
19929
71480
79229
53269
82531
38669
95043
41250
60589
12133
79525
50513
39996
20335
44490
9063
84826
28145
77070
4884
29061
73374
5228
72227
41960
41900
7982
95671
78316
80697
50694
14653
4119
33808
26223
97080
79354
61823
51907
88110
26726
88716
36680
96723
67834
93425
49622
54294
19223
52063
92819
21377
96050
50142
54611
88669
10801
47883
18955
41778
41887
85095
57410
47442
1162
11033
24792
27101
166
14295
42719
27995
10452
80759
66635
54083
79399
38382
39440
75539
5744
55594
62015
30886
53935
54372
44047
73138
34133
20124
73145
22644
89792
91323
81900
73537
55880
8696
6294
48791
70712
60856
30229
89503
96603
91328
52837
45748
71646
29351
69329
42974
68722
87248
54355
34291
34158
11891
59687
82146
52903
74254
6627
19399
76217
21006
64158
78305
30597
55784
52918
78497
48707
89386
37942
83011
50733
44850
97415
41536
1215
74384
40699
60276
55302
51832
59856
92070
92283
29559
68489
52384
13567
49383
29167
55172
99997
21086
2860
47933
53106
81058
57978
13187
36213
10779
98720
89203
12805
16928
57677
60900
48261
68220
28572
23422
40177
7608
15724
20953
79197
63642
59944
53027
18516
89082
40564
32198
14549
68263
89502
80137
78214
91227
48210
62954
68790
82382
10094
10096
3229
74531
52474
97148
1384
11822
50424
14121
87618
34801
23341
72077
28513
82342
92261
96285
51983
2603
53150
10360
66627
52949
71869
46516
8830
31556
35126
46311
81666
60430
14920
60222
84181
36030
9898
19965
73806
28358
90159
70204
13919
40395
51955
75207
19860
18280
72172
76269
241
12246
20680
56948
40251
83168
86052
2392
26190
97463
22390
54250
85370
31643
18804
80695
47212
16152
73290
49591
82592
29871
21694
74344
84259
48957
64359
18831
88962
69090
61164
77335
81743
27223
39911
40378
91779
86006
52799
13979
14247
27698
21824
85642
19226
23219
49915
51699
89035
12480
7720
40659
95296
35038
5645
7664
71074
83992
20876
99289
80953
39664
21611
37490
31217
6678
51412
75414
35674
62046
57309
85723
22296
83883
65119
3641
754
49666
91550
62179
30513
85061
70183
70391
90802
31765
36952
54351
32768
1977
24495
68031
12151
88531
89776
88752
56272
32054
37701
11864
73287
81985
40938
25703
34707
58407
1067
10459
96830
37769
9022
74423
49238
94325
38882
48943
26945
48331
23001
65606
17265
35181
5796
93509
81626
424
42868
31830
5520
11998
76832
76607
10685
2300
36278
98840
59176
37265
38165
94822
29875
67787
50644
74072
86459
63180
52045
6793
17223
72639
71071
61311
99505
63263
50496
84338
78203
52173
55701
82219
43424
50465
80312
31757
47449
54314
49820
97687
98391
53531
67831
29895
18006
7701
64046
14848
27357
75314
11161
65
62140
18315
33387
18360
98411
31769
38568
22586
29934
46667
3305
94143
23382
10328
62595
20476
1396
53122
67858
35346
40625
91608
6468
11734
58936
93466
1373
47283
92099
81499
20201
15867
64365
34069
76151
46954
7014
992
49770
64181
10940
48166
64708
74072
9545
20667
31738
44349
49991
98806
4085
14271
28170
37205
76188
54712
40428
20784
1703
46421
79160
91285
69875
6265
80379
49126
42178
45774
727
67901
60462
52727
58276
64977
58143
49241
12625
57832
98351
21848
81451
23302
16481
66556
16901
68770
76259
79781
71734
22468
47503
68323
54513
3793
69428
44028
38228
23493
60012
53668
72241
21923
32591
89486
153
58581
39834
82376
10062
67842
34859
66384
9863
38867
27181
46835
38778
80392
84564
86337
48274
72925
16559
97528
32534
56697
68142
67913
31939
52131
10986
37339
13159
56781
53725
42312
3220
28035
96671
90
39844
98867
70629
91063
26
65482
15074
6369
78250
64625
82333
36133
90420
16215
51782
4492
54541
16913
44380
82406
82729
63505
75641
20684
17114
57000
95712
50495
12921
93862
4106
55544
6089
81303
75410
56970
68372
91458
34831
11657
3314
86397
36808
32545
80728
48865
92290
63857
21968
97963
61325
76848
43977
50867
11676
51395
43326
70551
92860
1606
2583
36607
74256
47060
44667
8303
19873
70548
31658
78690
27343
46907
35822
91842
25168
41023
32994
42823
62762
41976
82599
13290
63008
11488
79623
38740
15687
38675
8680
55000
31408
32635
84508
31419
77295
35937
60843
10798
42795
5405
84914
75682
46294
10530
88546
61603
16940
41754
95369
94287
55975
67476
6391
59511
18545
78188
73358
10103
66077
16035
58976
27364
44403
94420
68005
32647
42389
92469
42642
87209
56804
49197
95977
3957
759
95722
40706
64860
42614
90334
85884
84524
1251
85409
54543
22440
48002
23045
58871
12430
57912
97834
46800
60127
26444
9581
58536
16481
41711
43104
4262
12825
61248
54042
701
68019
96035
49172
51623
45924
46535
89337
91640
25239
85152
93346
39197
38724
15601
1733
50996
83449
74759
30735
3681
2510
27088
94114
83179
63689
55035
5712
15782
33790
5919
54362
99281
52174
48923
6710
59137
6899
72712
27979
37855
43477
5849
45453
85202
30525
86919
6297
97903
73957
11553
37267
38032
22294
42788
1868
67034
46414
71813
74376
885
40956
87038
86286
80847
70078
69436
2360
57482
73083
92629
35208
48025
48040
26952
79270
54775
71839
16075
53300
71928
67292
3667
52751
33543
28142
74315
69674
83216
10054
6924
34883
69360
82017
33267
58373
73479
82329
50149
86115
24293
9383
54932
47470
48535
81174
94505
92626
62302
34406
89142
17363
36361
2969
22414
26048
70481
3532
7510
11299
35068
15620
32202
97281
30802
58046
38928
42986
58917
93896
96699
91152
96826
8542
16404
86468
57624
99593
99315
41986
78359
54469
39578
61434
99681
11196
9566
83189
1767
96406
25525
36196
61275
77246
71067
19018
91610
3225
40933
43967
3129
91123
70741
51052
95532
80578
1165
80232
15481
42149
9432
34150
30750
30907
66143
72656
97405
24792
77135
56249
90281
28874
5496
61762
49240
34725
27134
41577
888
81451
29787
27223
95498
42609
6110
15868
87780
12726
39394
22800
75838
51106
82385
31687
10588
21775
76024
19258
16681
56601
75942
70949
21547
82956
49916
67625
39555
18836
87561
58279
56769
22906
7875
49342
22627
62688
21978
83624
69800
82239
98384
9873
67981
30510
7456
92153
49578
20606
33938
90323
32119
29143
33252
34679
15199
45585
49872
6075
55473
62636
64637
74226
23596
41399
73270
6631
37576
18704
15721
97319
63202
65831
15148
3370
10574
88714
96575
79096
75556
81852
33835
4532
69115
41863
42723
78115
21829
53326
54173
23475
14760
36467
47786
69880
37697
86194
84796
26674
35543
50708
34591
83144
61425
70843
96330
85580
99544
10415
52961
31449
63525
28866
67283
37086
85146
89520
1069
39255
67143
68363
66251
42964
62690
124
57645
94047
31059
81127
42601
69908
96814
75915
3200
55187
61841
67611
89164
39022
28069
20187
8935
79043
18222
3596
49156
1113
80499
86785
42771
44903
52529
96366
61893
61970
93209
1742
9393
91714
40456
91619
77293
92772
18117
59853
75473
88848
92461
34489
50391
24835
9948
19757
68363
58346
55698
32248
54618
71787
16082
52104
85471
17225
5839
6333
80654
47703
3068
50386
46568
30256
47221
60097
44386
18590
96939
72961
5166
18427
89769
97943
55162
35648
11417
66824
10164
63841
17165
58797
48190
18890
19185
33881
4848
67347
47330
99780
67006
63531
40379
79260
55270
27757
20812
27128
187
71900
20839
41614
44195
52077
74160
61595
61982
81843
94484
63367
11916
51871
44437
20425
87055
51996
77835
70645
23897
73807
88773
51282
1279
73873
44102
15653
53319
8663
91891
44826
79664
41640
5977
82223
50227
66239
37915
72157
16847
52108
12280
28740
15686
96940
37704
69429
90181
93728
11285
77342
18304
64846
29677
84757
86893
48354
23085
66259
29707
25789
52576
81412
45352
81937
99431
54831
81453
72366
49224
52594
1826
49518
1171
72379
29166
83401
37901
30525
43832
70842
79860
21047
15438
77250
26135
31565
14649
96129
73779
95422
96718
18841
77704
96121
37142
91599
23284
15047
74861
73512
44656
6930
65870
44628
95803
69138
53501
87703
77836
65354
19233
60356
67258
76602
74183
97467
25265
24110
59950
6634
56012
37512
49816
97782
55575
86731
63664
84566
28969
19089
4007
70407
3757
46205
38006
80952
91106
52549
66269
48715
20967
68117
7200
83754
56359
90231
9904
42586
36473
88732
99998
6355
28421
92511
27631
33053
37647
88448
83936
23140
1093
23811
56889
29484
7743
66766
16550
383
36811
5670
29485
39078
48271
22668
51535
15385
3569
71236
87076
63949
1693
81689
46259
51963
21363
96426
72983
78628
33742
13260
77670
64835
95601
31011
55740
45480
16029
11842
90637
76133
39452
6183
97183
47307
28912
88626
46070
35477
67600
34274
6001
58309
40364
87374
76176
41980
57110
80505
47102
25534
15231
49318
32880
60762
5955
33644
94406
56478
99154
60901
98090
64775
75268
85196
77179
60226
47210
98899
62417
31012
15994
9199
35541
23578
52999
38058
21074
13070
71166
5366
3830
2100
35478
40483
74473
16304
40568
41624
80863
39419
81202
73881
44798
37078
75515
58975
44194
17773
96716
38288
1699
97900
74985
12404
42805
325
3345
44396
75467
96113
39272
16408
58890
27922
74992
7945
12539
53034
7693
55953
59730
44647
80858
9418
54280
46887
43754
56853
45023
35443
33464
68969
43773
31070
2634
12033
63205
95467
23668
13651
91878
64623
3412
73552
45735
13846
18205
64362
77820
45863
18846
99531
17961
40534
28090
15711
13674
65615
37851
54233
58339
45947
83368
78997
44744
52080
98908
36796
25193
85209
48921
97946
29678
8144
29508
60682
2655
21847
33472
54117
64154
61463
74851
92431
48172
86735
3099
88083
86437
24536
32838
27257
40615
45432
7308
18874
19721
42502
11923
29126
66913
92620
93135
15920
75626
88789
68178
26520
45242
67747
62795
43864
63142
33178
28737
65615
60309
17847
87536
4819
92954
33995
5889
36822
60356
97231
23596
18696
15114
40196
58060
28935
33489
90960
21902
36831
49052
43021
83867
86156
99950
26498
93427
82801
86055
75388
62338
98761
43203
6710
97777
21131
58647
29977
89714
61812
25977
82982
24935
57798
71969
76477
22555
35800
12453
67654
37435
89497
81092
47285
565
17846
51281
62696
61688
44755
46368
52215
48102
73846
82889
68018
33063
63991
70861
15332
61188
52158
94656
58253
95846
9570
43796
81027
59435
96318
36685
24960
77615
11914
38978
68423
49701
89793
69825
38512
16427
24786
39251
26757
61955
24495
70683
76980
53908
19051
68700
84850
40485
4300
83878
66135
83260
71256
54850
98538
39034
38312
78791
69627
88596
78648
97110
21991
14688
24849
33608
36545
45272
32410
95046
33972
41556
13075
3544
19723
31804
50142
85719
29435
71501
75625
8928
82796
22823
74006
36413
66992
54192
5637
48327
35819
84051
41822
19853
56087
30474
38948
50993
20950
43450
66190
30369
58965
26439
60376
648
99050
29497
41550
10460
17093
86465
3446
69889
35411
98289
22371
66049
90483
2985
53540
16089
23922
3618
80411
52115
16216
29086
33054
60156
11696
86407
61843
53710
47520
10605
44994
85994
40696
93141
35626
18158
6855
22780
73238
43867
7731
50375
31891
13541
2266
91518
56427
77428
40089
98595
41709
24760
28701
94103
60619
57247
67287
48837
31429
53974
8418
56324
73681
61192
90758
59856
10468
30201
56543
69772
85864
91971
26595
42534
25849
46892
39799
19674
52876
17191
48592
8014
85817
67949
35971
55428
50664
48457
87436
57674
58456
325
95856
50095
50372
37583
85568
49042
12690
3996
69241
1828
99690
4602
28515
72523
31994
74682
56292
24779
51575
44825
58571
4673
26872
39141
27202
89483
10661
34182
7373
46836
33542
29854
98574
74537
52359
33006
17113
20241
21520
19618
74721
94789
90670
38482
38698
58923
44653
37570
45773
79305
5727
79810
57813
93114
94922
87798
8767
47946
58569
43904
77478
761
86576
52109
16847
78596
13570
64648
6477
66642
53105
84660
5995
89947
5389
58877
35693
92619
62566
36003
26484
19768
25511
31610
65039
36165
6613
63235
14416
44222
46224
81570
54526
63667
34470
56915
88737
57604
2546
88783
37247
84027
55567
30024
83362
76276
20623
45714
34282
22708
67014
22411
16991
50899
70469
48844
27498
77357
44252
33301
83386
1623
84122
61604
43817
51190
57019
47192
18892
16283
72197
28010
91583
66740
77288
54386
82870
76919
56677
61442
314
24735
64679
6658
66382
58589
21231
37225
53027
99202
51320
31892
11601
10280
17209
61771
666
77049
61604
35146
98890
68649
21899
41003
88867
97077
59807
39977
31049
45690
84093
53841
85254
44647
33586
79151
17204
98879
55724
56911
5274
38382
82276
32804
96324
24157
47243
29149
23660
3546
2900
48512
98064
32326
37926
37446
31648
10613
8707
29452
64499
23844
20628
69102
99650
71609
47233
98316
53594
37812
88546
43648
71046
67220
67965
72897
63581
94960
11323
51176
19385
54358
65079
32009
40877
47627
41304
35111
66335
63344
98824
22685
21484
90294
14704
10807
62173
47364
65594
95564
94044
36211
67802
56292
79469
91521
75023
82335
85060
40123
98926
65518
8663
48878
3053
1757
77121
53809
61413
41190
41740
28693
15422
358
81142
10947
55991
87138
61947
88708
49653
64635
50643
70605
71
39183
32603
41999
96297
17084
81562
62772
89905
82738
25530
62700
13025
92277
43656
13077
19978
37115
2530
87695
98558
19736
34524
44056
66341
15170
29409
13287
91094
69868
28365
79598
99311
56785
43972
58113
69504
11243
78327
60234
3720
53714
20140
26569
707
95989
748
42596
93884
50337
88458
38719
50763
40182
4489
70800
77845
23368
69106
18894
23232
6340
18351
9684
96321
63926
33976
56496
74627
86381
23931
2240
61127
41284
58909
84300
63376
74118
46787
2517
97516
5099
6989
84198
93845
17786
90307
83724
64622
11442
16068
80880
5040
95114
33437
74023
10154
96312
6576
56354
68492
89532
70860
36690
60665
66942
46519
83772
57112
56803
20876
63024
5007
99395
61517
34340
46265
32363
87472
25492
12090
77485
91943
78497
80137
22333
3225
68569
25096
88642
87155
90914
25769
10958
42032
42249
40435
70464
95508
49731
61720
79528
80620
20570
85171
36549
24001
57667
29013
42693
46443
43623
80061
87477
42538
37060
91492
49752
23652
83012
69274
77466
437
25671
10737
74045
66109
40651
52331
61754
20330
57618
99127
88646
36932
26090
16117
80758
42271
22923
65404
23387
47952
57414
40714
71401
77991
87312
63131
85356
15398
32959
74883
96049
33242
71367
83386
46947
19132
22141
76184
64787
2191
76411
97228
1829
64539
9141
99511
94423
36984
96546
22738
39230
97300
61124
31500
7625
97890
16350
12759
94042
86852
99717
9335
19840
72604
68644
86438
2518
32909
73492
47092
76848
4076
78340
51849
98478
91641
98719
1946
52283
1774
25132
24803
70136
68017
29277
30278
54318
91652
11667
75838
68911
79604
5689
38936
50188
1588
30581
94136
60110
69087
31027
85169
40745
6866
9737
55024
2025
73991
53570
17668
94723
92833
25588
42149
65986
79119
22199
14513
96595
80000
26788
63160
10357
52927
93265
33235
90196
89238
54624
25546
59210
24562
17522
89156
26277
84425
35235
7729
18227
18041
88317
48348
53192
89385
60882
90466
65299
28819
44654
10873
63175
43006
50874
19685
92341
31360
92239
46954
61777
60835
19422
6816
39196
9403
87536
35445
87160
86881
73785
82346
50880
39746
83490
34441
82759
54997
76157
95708
80899
62656
21615
72944
49836
14268
48313
89568
85614
33197
32983
8948
30884
87361
95307
7842
66692
76857
82615
68371
16648
47418
26590
75433
14465
84170
39701
74338
68060
2357
20705
62895
98827
68772
68111
4792
47525
35110
4698
11488
80446
22183
65111
85264
10121
89479
24350
54284
62428
53103
59083
75723
58386
18681
77902
93183
76968
62783
24990
79792
5822
85082
62341
60688
90108
51912
16807
13732
40900
47352
32247
55852
29073
28851
66472
28548
91386
50451
81437
79619
95754
6751
88947
60756
55311
47040
37965
79488
62087
98921
32030
50011
76316
26608
81937
34337
75439
15583
11949
29372
47676
44132
64885
47879
3308
47928
656
45204
23168
92741
64162
61094
93606
99121
53215
74041
62330
60939
88827
10485
26393
89555
30376
71304
4489
79705
6283
40656
95065
66964
84821
85060
90048
57530
46411
86527
95807
30878
32163
14803
51723
85158
41755
81924
5398
60474
46905
57023
23600
61326
34573
42903
88627
7681
35008
93942
91684
49342
43872
67249
64405
19881
29335
66015
43727
88144
40464
58936
79774
14629
24159
98754
89634
64630
79917
5644
27696
32390
42235
93689
12519
96855
39339
11632
78572
95140
66559
21097
79481
14606
61748
28473
26779
39658
13902
44905
99779
47171
35134
30871
12941
62997
40763
26224
46322
46020
38324
14556
47815
49776
82088
99388
52098
60003
41498
31504
71414
3146
99882
43552
36346
83583
81102
82475
4161
45592
75282
17501
8499
91155
25124
37092
34930
69640
96792
28753
59087
74904
64538
3582
14453
54812
15441
36450
9143
1013
74169
14335
56616
10067
41299
28480
11160
94009
95875
11192
99287
89582
92669
22315
86319
81592
85294
15964
44866
76567
94497
11172
62563
61163
53229
71439
16517
13922
54134
56394
38566
1402
54318
76942
74506
80775
85569
97817
40162
36416
35375
21472
62098
80635
83816
27125
21166
38046
94031
14178
68161
55048
61108
60270
25587
49161
26824
89647
63547
1219
